runs:
  - total_time: 9.186279834
    models_per_second: 499.65819493236216
    inconsistent: 56
  - total_time: 9.146737333
    models_per_second: 501.81828043099
    inconsistent: 56
  - total_time: 9.343586417
    models_per_second: 491.2460585422336
    inconsistent: 56
average: 497.5741779685286
