runs:
  - total_time: 56.650167584
    models_per_second: 81.02359085158959
    inconsistent: 56
  - total_time: 57.180463041
    models_per_second: 80.27217262491982
    inconsistent: 56
  - total_time: 57.018156083
    models_per_second: 80.50067408911723
    inconsistent: 56
average: 80.59881252187556
