runs:
  - total_time: 16.042678875
    models_per_second: 286.11181684580094
    inconsistent: 56
  - total_time: 16.0373305
    models_per_second: 286.2072338036558
    inconsistent: 56
  - total_time: 16.004304
    models_per_second: 286.7978513779793
    inconsistent: 56
average: 286.372300675812
