runs:
  - total_time: 54.546511417
    models_per_second: 84.14836954301495
    inconsistent: 56
  - total_time: 54.342072417
    models_per_second: 84.46494209455464
    inconsistent: 56
  - total_time: 54.815056667
    models_per_second: 83.73611702865011
    inconsistent: 56
average: 84.11647622207325
