query_count: 23
  - total_time: 0.007768375
    queries_per_second: 2960.7221587526346
    total_subclasses_result: 72
  - total_time: 0.008376708
    queries_per_second: 2745.708696065328
    total_subclasses_result: 72
  - total_time: 0.016743375
    queries_per_second: 1373.677648622216
    total_subclasses_result: 72
average: 2360.0361678133927
parallelism: 8
