query_count: 23
  - total_time: 0.036390125
    queries_per_second: 632.0395986548548
    total_subclasses_result: 72
  - total_time: 0.030471542
    queries_per_second: 754.8026286296899
    total_subclasses_result: 72
  - total_time: 0.02361925
    queries_per_second: 973.7819786826423
    total_subclasses_result: 72
average: 786.8747353223956
parallelism: 8
