query_count: 23
  - total_time: 0.036842375
    queries_per_second: 624.2811436559126
    total_subclasses_result: 72
  - total_time: 0.0271025
    queries_per_second: 848.6302001660363
    total_subclasses_result: 72
  - total_time: 0.028098792
    queries_per_second: 818.540526582068
    total_subclasses_result: 72
average: 763.8172901346721
parallelism: 1
