query_count: 46685
  - total_time: 5.839449375
    queries_per_second: 7994.760636143027
    total_subclasses_result: 1091699
  - total_time: 5.750739417
    queries_per_second: 8118.086495450051
    total_subclasses_result: 1091699
  - total_time: 5.580635167
    queries_per_second: 8365.535212920326
    total_subclasses_result: 1091699
average: 8159.460781504468
parallelism: 4
