query_count: 23
  - total_time: 0.0381825
    queries_per_second: 602.3701957703136
    total_subclasses_result: 72
  - total_time: 0.0317515
    queries_per_second: 724.3752263672582
    total_subclasses_result: 72
  - total_time: 0.03137925
    queries_per_second: 732.9684425217301
    total_subclasses_result: 72
average: 686.5712882197673
parallelism: 4
