query_count: 23
  - total_time: 0.009323
    queries_per_second: 2467.01705459616
    total_subclasses_result: 72
  - total_time: 0.024174875
    queries_per_second: 951.4009896638556
    total_subclasses_result: 72
  - total_time: 0.011119583
    queries_per_second: 2068.422889599367
    total_subclasses_result: 72
average: 1828.9469779531275
parallelism: 1
