query_count: 66169
  - total_time: 12.9397415
    queries_per_second: 5113.626110691624
    total_subclasses_result: 1526774
  - total_time: 13.250811125
    queries_per_second: 4993.58110049282
    total_subclasses_result: 1526774
  - total_time: 13.214369417
    queries_per_second: 5007.352065916593
    total_subclasses_result: 1526774
average: 5038.186425700345
parallelism: 4
