query_count: 23
  - total_time: 0.0080655
    queries_per_second: 2851.65209844399
    total_subclasses_result: 72
  - total_time: 0.010693292
    queries_per_second: 2150.881131834799
    total_subclasses_result: 72
  - total_time: 0.008216458
    queries_per_second: 2799.259729679139
    total_subclasses_result: 72
average: 2600.5976533193093
parallelism: 4
