query_count: 46685
  - total_time: 3.45496675
    queries_per_second: 13512.431053062955
    total_subclasses_result: 1091699
  - total_time: 3.623531542
    queries_per_second: 12883.839828321827
    total_subclasses_result: 1091699
  - total_time: 3.18878
    queries_per_second: 14640.395386323296
    total_subclasses_result: 1091699
average: 13678.888755902692
parallelism: 8
